1 256 0.008460140228271485
1 512 0.011389827728271485
1 768 0.0170194149017334
1 1024 0.015923738479614258
1 1280 0.017757225036621093
1 1536 0.022698688507080077
1 1792 0.018111991882324218
1 2048 0.018896889686584473
1 2304 0.02201390266418457
1 2560 0.023825192451477052
1 2816 0.02464582920074463
1 3072 0.026163339614868164
1 3328 0.0296267032623291
1 3584 0.030175280570983887
1 3840 0.031152510643005372
1 4096 0.03266153335571289
1 4352 0.03392529487609863
1 4608 0.038811874389648435
1 4864 0.04496192932128906
2 256 0.011774897575378418
2 512 0.016681694984436037
2 768 0.01728041172027588
2 1024 0.019699954986572267
2 1280 0.02464146614074707
2 1536 0.026591396331787108
2 1792 0.03057878017425537
2 2048 0.03310220241546631
2 2304 0.037355470657348636
2 2560 0.039482617378234865
2 2816 0.04332842826843262
2 3072 0.04537203311920166
2 3328 0.048902344703674314
2 3584 0.052969956398010255
2 3840 0.055146527290344236
2 4096 0.05752711296081543
2 4352 0.05898716449737549
2 4608 0.06354312896728516
2 4864 0.06623928546905518
4 256 0.015238237380981446
4 512 0.019651579856872558
4 768 0.025989270210266112
4 1024 0.03203461170196533
4 1280 0.03855130672454834
4 1536 0.04429440498352051
4 1792 0.05134575366973877
4 2048 0.057269501686096194
4 2304 0.06639111042022705
4 2560 0.06946868896484375
4 2816 0.07562510967254639
4 3072 0.08140687942504883
4 3328 0.08826134204864503
4 3584 0.0943716049194336
4 3840 0.10191545486450196
4 4096 0.10918338298797607
4 4352 0.11613211631774903
4 4608 0.12519989013671876
4 4864 0.13221826553344726
8 256 0.019673609733581544
8 512 0.03216574192047119
8 768 0.04447627067565918
8 1024 0.05696690082550049
8 1280 0.07058014869689941
8 1536 0.08352780342102051
8 1792 0.09461836814880371
8 2048 0.10947244167327881
8 2304 0.12483694553375244
8 2560 0.14025442600250243
8 2816 0.15580780506134034
8 3072 0.1694894552230835
8 3328 0.18674263954162598
8 3584 0.20179402828216553
8 3840 0.22212531566619872
8 4096 0.2412360429763794
8 4352 0.2610295057296753
8 4608 0.2771250486373901
8 4864 0.2900277614593506
16 256 0.03170056343078613
16 512 0.0562690258026123
16 768 0.0817861557006836
16 1024 0.10878548622131348
16 1280 0.1415172576904297
16 1536 0.16924610137939453
16 1792 0.20271966457366944
16 2048 0.24077978134155273
16 2304 0.2759570121765137
16 2560 0.30217599868774414
16 2816 0.32713491916656495
16 3072 0.3521190404891968
16 3328 0.3842332124710083
16 3584 0.41220595836639407
16 3840 0.4468141794204712
16 4096 0.47884573936462405
16 4352 0.519054651260376
16 4608 0.5476123094558716
16 4864 0.5737030506134033
