1 256 0.009210944175720215
1 512 0.011621332168579102
1 768 0.015544843673706055
1 1024 0.014596939086914062
1 1280 0.0163830041885376
1 1536 0.021780514717102052
1 1792 0.018306875228881837
1 2048 0.019116830825805665
1 2304 0.022039079666137697
1 2560 0.023691463470458984
1 2816 0.024395322799682616
1 3072 0.02591884136199951
1 3328 0.032822394371032716
1 3584 0.02965240478515625
1 3840 0.03086535930633545
1 4096 0.03212370872497559
1 4352 0.03316895961761475
1 4608 0.036278915405273435
1 4864 0.03738901615142822
2 256 0.011719274520874023
2 512 0.016165494918823242
2 768 0.019668006896972658
2 1024 0.019801926612854005
2 1280 0.02389676570892334
2 1536 0.026162242889404295
2 1792 0.030670976638793944
2 2048 0.03286128044128418
2 2304 0.037326383590698245
2 2560 0.039562344551086426
2 2816 0.04243001937866211
2 3072 0.04462738037109375
2 3328 0.048454117774963376
2 3584 0.05299408435821533
2 3840 0.055269718170166016
2 4096 0.057001471519470215
2 4352 0.060018301010131836
2 4608 0.06406385898590088
2 4864 0.06568734645843506
4 256 0.014656448364257812
4 512 0.01965334415435791
4 768 0.026034736633300783
4 1024 0.03281302452087402
4 1280 0.039372801780700684
4 1536 0.04518723487854004
4 1792 0.050389671325683595
4 2048 0.05672454833984375
4 2304 0.06540286540985107
4 2560 0.0691328763961792
4 2816 0.0762315034866333
4 3072 0.08112068176269531
4 3328 0.08865313529968262
4 3584 0.09416885375976562
4 3840 0.10138866901397706
4 4096 0.10975737571716308
4 4352 0.11651737689971924
4 4608 0.13477892875671388
4 4864 0.1397007465362549
8 256 0.020314598083496095
8 512 0.032749366760253903
8 768 0.04571700096130371
8 1024 0.057892775535583495
8 1280 0.07462487220764161
8 1536 0.0848388910293579
8 1792 0.09553830623626709
8 2048 0.1089902639389038
8 2304 0.1248816728591919
8 2560 0.13972265720367433
8 2816 0.1546222448348999
8 3072 0.1710376501083374
8 3328 0.1858297824859619
8 3584 0.20169491767883302
8 3840 0.22115254402160645
8 4096 0.24222636222839355
8 4352 0.25941991806030273
8 4608 0.27615716457366946
8 4864 0.28934714794158933
16 256 0.03288521766662598
16 512 0.058338069915771486
16 768 0.08794233798980713
16 1024 0.12153222560882568
16 1280 0.15047872066497803
16 1536 0.17222630977630615
16 1792 0.21741833686828613
16 2048 0.24187171459197998
16 2304 0.2774798393249512
16 2560 0.3024658203125
16 2816 0.32757298946380614
16 3072 0.3538664817810059
16 3328 0.3809059143066406
16 3584 0.4137160062789917
16 3840 0.44709756374359133
16 4096 0.4809835910797119
16 4352 0.5195003271102905
16 4608 0.5488791227340698
16 4864 0.5769752979278564
