1 256 0.008045101165771484
1 512 0.012127423286437988
1 768 0.01298539638519287
1 1024 0.014624667167663575
1 1280 0.015797924995422364
1 1536 0.016582202911376954
1 1792 0.017711615562438963
1 2048 0.01944425106048584
1 2304 0.02233617305755615
1 2560 0.024023914337158205
1 2816 0.024850940704345702
1 3072 0.026038479804992676
1 3328 0.028563570976257325
1 3584 0.0297518253326416
1 3840 0.03092169761657715
1 4096 0.031964898109436035
1 4352 0.03358602523803711
1 4608 0.03745102882385254
1 4864 0.03774678707122803
2 256 0.011920785903930664
2 512 0.018378734588623047
2 768 0.02041018009185791
2 1024 0.026209378242492677
2 1280 0.02404773235321045
2 1536 0.025839686393737793
2 1792 0.029995989799499512
2 2048 0.03217658996582031
2 2304 0.03697052001953125
2 2560 0.03917086124420166
2 2816 0.04721994400024414
2 3072 0.04471750259399414
2 3328 0.050566244125366214
2 3584 0.05195932388305664
2 3840 0.0552764892578125
2 4096 0.05778207778930664
2 4352 0.06652531623840333
2 4608 0.06560039520263672
2 4864 0.0662536859512329
4 256 0.014847993850708008
4 512 0.01991112232208252
4 768 0.025990962982177734
4 1024 0.03223445415496826
4 1280 0.038819527626037596
4 1536 0.045236730575561525
4 1792 0.05115022659301758
4 2048 0.05744631290435791
4 2304 0.06664254665374755
4 2560 0.06977882385253906
4 2816 0.07525103092193604
4 3072 0.08229503631591797
4 3328 0.08715524673461914
4 3584 0.09435203075408935
4 3840 0.1013368844985962
4 4096 0.1094038724899292
4 4352 0.11687121391296387
4 4608 0.12631094455718994
4 4864 0.13364887237548828
8 256 0.019820427894592284
8 512 0.03198423385620117
8 768 0.04463419914245605
8 1024 0.057103753089904785
8 1280 0.06968958377838134
8 1536 0.08371207714080811
8 1792 0.09465568065643311
8 2048 0.11050434112548828
8 2304 0.1262289047241211
8 2560 0.14205031394958495
8 2816 0.15583970546722412
8 3072 0.16983866691589355
8 3328 0.1872267484664917
8 3584 0.20282244682312012
8 3840 0.22263045310974122
8 4096 0.24139225482940674
8 4352 0.26018192768096926
8 4608 0.277652907371521
8 4864 0.2904801845550537
16 256 0.0321566104888916
16 512 0.057389354705810545
16 768 0.08209996223449707
16 1024 0.10884077548980713
16 1280 0.1414320707321167
16 1536 0.1705305576324463
16 1792 0.20255649089813232
16 2048 0.24018592834472657
16 2304 0.2766758918762207
16 2560 0.3006155014038086
16 2816 0.3264490842819214
16 3072 0.35457050800323486
16 3328 0.3819234848022461
16 3584 0.4126966714859009
16 3840 0.4456290006637573
16 4096 0.48096671104431155
16 4352 0.5202599048614502
16 4608 0.5516016960144043
16 4864 0.5765142679214478
